"convex_id","created_at_ms","category","sub_category","occasion","credit_cost","default_aspect_ratio","default_duration","default_resolution","generate_audio_default","is_active","orientation","preview_url","prompt","scene","tags_csv","tags_json"
,"1763474400297.2058","Classic","Family","christmas","18",,,,,"true","portrait","https://giddy-swan-737.convex.cloud/api/storage/32d88747-c256-4285-9edb-9b4a6d0a77d7","CRITICAL: Preserve the exact facial features, age, hair color, hair style, skin tone, body type, and all physical characteristics of every uploaded person without ANY changes. Face preservation is the absolute priority. 
Show uploaded people unwrapping Christmas gifts together in a warm living room during evening.Background elements: decorated Christmas tree with golden ornaments and white lights, stone fireplace with stockings, wrapped presents in red and gold paper on floor, pine garlands on mantel with candles.Soft string lights on walls, plush rugs, comfortable furniture.Warm 2700K lighting creates cozy glow.People wear casual sweaters or pajamas, showing genuine joy and excitement with wrapping paper around them.Candid moment, shallow depth of field, 8K quality, warm natural tones. 
REMINDER: Keep all uploaded faces and bodies completely unchanged.","tree","classic,family,portrait,tree,evening,elegant,luxury","[""classic"",""family"",""portrait"",""tree"",""evening"",""elegant"",""luxury""]"
,"1763474400297.206","Classic","Couple / Duo","christmas","14",,,,,"true","portrait","https://giddy-swan-737.convex.cloud/api/storage/5d2d4c32-8193-4763-b136-2e7a8d950f96","CRITICAL: Preserve the exact facial features, age, hair color, hair style, skin tone, body type, pose, and all physical characteristics of every uploaded person without ANY changes. Face and identity preservation is the absolute priority. Keep the same number of people and their relative positions in the frame unchanged. 
Edit the uploaded photo to match the 'Grand Evergreen Portrait' Classic Christmas template. Replace the background with: Classic Christmas tree with ornaments and warm bokeh lights in an elegant living room. Use warm practical lighting style. Update outfits only to fit a festive classic Christmas look (sweaters, coats, dresses) while keeping overall realism. Maintain the original camera angle and composition. If additional user preferences are provided, treat them as secondary styling notes (colors, small props, mood) and only apply them when they do not conflict with the template layout or with preserving the subjects. 
 REMINDER: Keep all uploaded faces, bodies, ages, and identities completely unchanged.","tree","classic,couple / duo,portrait,tree","[""classic"",""couple / duo"",""portrait"",""tree""]"
,"1763474400297.2063","Classic","Couple / Dou","christmas","13",,,,,"true","landscape","https://giddy-swan-737.convex.cloud/api/storage/832ce66a-423b-4d1a-96a2-d0aa52438d1f","CRITICAL: Preserve the exact facial features, age, hair color, hair style, skin tone, body type, pose, and all physical characteristics of every uploaded person without ANY changes. Face and identity preservation is the absolute priority. Do not add any new people or faces to the scene. 
Edit the uploaded photo to match the 'Festive Dinner Table' Classic Christmas template. Replace the environment with: Candle-lit elegant dinner table setting with crystal glasses, fine china, red and green festive accents, Christmas centerpiece with pine branches and ornaments. Use warm practical lighting style with soft candlelight glow creating intimate atmosphere. Keep the general framing and orientation of the original photo. Apply shallow depth of field focusing on the subjects. If additional user preferences are provided, apply them only to atmosphere, colors, and small decorative elements without conflicting with the template or subject preservation. 
REMINDER: Keep all uploaded faces, bodies, ages, and identities completely unchanged. Do not add new people.","table","candle,classic,landscape,scene / no people,table","[""candle"",""classic"",""landscape"",""scene / no people"",""table""]"
,"1763474400297.2065","Classic","Card / No people","christmas","12",,,,,"true","portrait","https://giddy-swan-737.convex.cloud/api/storage/8f9799ba-b25a-4b57-8799-03c12946a43f","CRITICAL: Preserve the exact facial features, age, hair color, hair style, skin tone, body type, pose, and all physical characteristics of every uploaded person without ANY changes. Face and identity preservation is the absolute priority. 
 Edit the uploaded image into a polished Christmas greeting card that matches the 'Red & Gold Card' template. Create a clean card layout with: Minimal red and gold decorative border, elegant snowflake accents in corners, ample clear space for greeting text placement. Use warm practical lighting style creating festive glow. Keep uploaded people visible and unchanged while integrating them into the card design. Maintain the overall orientation and composition of the original photo. Apply professional greeting card styling with festive red-gold color palette. If additional user preferences are provided, apply them only to color palette variations, decorative details, or text mood without conflicting with the template design or subject preservation. 
 REMINDER: Keep all uploaded faces, bodies, ages, and identities completely unchanged in the final card design.","tree","card,card / no people,classic,minimal,portrait,snow","[""card"",""card / no people"",""classic"",""minimal"",""portrait"",""snow""]"
,"1763474400297.2068","Cozy","Couple / Duo","christmas","14",,,,,"true","landscape","https://giddy-swan-737.convex.cloud/api/storage/34d7ef5e-5ecd-4ada-b3d8-93349d9d8076","CRITICAL: Preserve the exact facial features, age, hair color, hair style, skin tone, body type, pose, and all physical characteristics of every uploaded person without ANY changes. Face and identity preservation is the absolute priority. Keep the same number of people and their relative positions in the frame unchanged. 
Edit the uploaded photo to match the 'By the Hearth' Cozy Christmas template. Replace the background with: Intimate scene near a crackling stone fireplace with glowing flames, soft knit blankets draped nearby, plush rug on wooden floor, warm amber and orange tones throughout. Use warm practical lighting style with firelight creating soft, romantic glow on subjects. Update outfits only to fit a cozy festive Christmas look (chunky knit sweaters, comfortable loungewear, soft fabrics) while keeping overall realism. Maintain the original camera angle and composition. If additional user preferences are provided, treat them as secondary styling notes (colors, small props, mood) and only apply them when they do not conflict with the template layout or subject preservation. 
REMINDER: Keep all uploaded faces, bodies, ages, and identities completely unchanged.","fireplace","couple,couple / duo,cozy,fireplace,landscape","[""couple"",""couple / duo"",""cozy"",""fireplace"",""landscape""]"
,"1763474400297.207","Cozy","Family / Group","christmas","23",,,,,"true","portrait","https://giddy-swan-737.convex.cloud/api/storage/ab570f87-58fd-42d0-8116-94bf43f89ec4","CRITICAL: Preserve the exact facial features, age, hair color, hair style, skin tone, body type, pose, and all physical characteristics of every uploaded person without ANY changes. Face and identity preservation is the absolute priority. Keep the same number of people and their relative positions in the frame unchanged. 
Edit the uploaded photo to match the 'Choosing the Star' Cozy Christmas template. Replace the background with: Warm living room scene with decorated Christmas tree, parents lifting child to place golden star on top of tree, joyful candid family moment captured. Background shows softly lit room with tree lights twinkling, cozy home atmosphere with warm wood tones and festive decorations. Use warm practical lighting style with soft glow from tree lights and ambient room lighting. Update outfits only to fit a cozy festive Christmas look (comfortable knit sweaters, casual holiday attire) while keeping overall realism. Maintain the original camera angle and composition. Capture expressions of joy, excitement, and family connection. If additional user preferences are provided, treat them as secondary styling notes (colors, small props, mood) and only apply them when they do not conflict with the template layout or subject preservation. 
REMINDER: Keep all uploaded faces, bodies, ages, and identities completely unchanged.","tree","cozy,family / group,portrait,tree","[""cozy"",""family / group"",""portrait"",""tree""]"
,"1763474400297.2073","Cozy","Family / Group","christmas","13",,,,,"true","landscape","https://giddy-swan-737.convex.cloud/api/storage/434360a0-6206-4438-8471-8ace10f35578","CRITICAL: Preserve the exact facial features, age, hair color, hair style, skin tone, body type, pose, and all physical characteristics of every uploaded person without ANY changes. Face and identity preservation is the absolute priority. Keep the same number of people and their relative positions in the frame unchanged. 
Edit the uploaded photo to match the 'Story Time' Cozy Christmas template. Replace the background with: Intimate family scene with parent reading Christmas storybook to children gathered by warm crackling fireplace, cozy living room setting with soft blankets and pillows, gentle rim light creating magical atmosphere. Background shows glowing fireplace, comfortable seating area, subtle Christmas decorations with lighting and luxury decoration, warm wood elements. Use warm practical lighting style with firelight as main source creating soft golden glow and gentle rim lighting on subjects. Update outfits only to fit a cozy festive Christmas look (soft knit sweaters, comfortable pajamas, warm loungewear) while keeping overall realism. Maintain the original camera angle and composition. Capture peaceful, intimate family moment with focus and engagement on storytelling. If additional user preferences are provided, treat them as secondary styling notes (colors, small props, mood) and only apply them when they do not conflict with the template layout or subject preservation. 
REMINDER: Keep all uploaded faces, bodies, ages, and identities completely unchanged.","fireplace","cozy,family / group,fireplace,landscape","[""cozy"",""family / group"",""fireplace"",""landscape""]"
,"1763474400297.2075","Cozy","Couple / Duo","christmas","11",,,,,"true","portrait","https://giddy-swan-737.convex.cloud/api/storage/71c13f0e-1b33-410b-98ae-bea8ac41c5f3","CRITICAL: Preserve the exact facial features, age, hair color, hair style, skin tone, body type, pose, and all physical characteristics of every uploaded person without ANY changes. Face and identity preservation is the absolute priority. Keep the same number of people and their relative positions in the frame unchanged. 
Edit the uploaded photo to match the 'Sweater Weather' Cozy Christmas template. Replace the background with: Romantic intimate scene of couple wrapped together under soft cozy blanket near warm fireplace with glowing embers gently floating in air, decorated Christmas tree with twinkling lights visible in background creating magical ambiance, dim cozy living room with soft bokeh lights from tree ornaments and string lights, stockings hung by fireplace, pine garlands with red berries on mantel, festive holiday decorations throughout. Use warm practical lighting style with firelight and Christmas lights creating golden-orange tones, gentle side lighting highlighting subjects softly. Update outfits only to fit a cozy festive Christmas look (chunky knit sweaters in holiday colors, comfortable layered clothing, warm textures) while keeping overall realism. Maintain the original camera angle and composition. Capture intimate, peaceful Christmas moment with romantic, relaxed holiday atmosphere. The scene should feel warm, dreamy, and tender with soft focus on background elements. If additional user preferences are provided, treat them as secondary styling notes (colors, small props, mood) and only apply them when they do not conflict with the template layout or subject preservation. 
REMINDER: Keep all uploaded faces, bodies, ages, and identities completely unchanged.","fireplace","couple,couple / duo,cozy,portrait,image","[""couple"",""couple / duo"",""cozy"",""portrait"",""image""]"
,"1763474400297.2078","Snowy","Family / Group","christmas","16",,,,,"true","landscape","https://giddy-swan-737.convex.cloud/api/storage/cfd0f1c2-5ec7-4562-81e5-3782d35aa919","CRITICAL: Preserve the exact facial features, age, hair color, hair style, skin tone, body type, and all physical characteristics of every uploaded person without ANY changes. Face preservation is the absolute priority. 
Show uploaded people building a snowman together in fresh snow outdoors during daytime. Background: gentle snowfall, snow-covered evergreen trees, soft natural winter light. Snowman is partially built with coal buttons, carrot nose, and stick arms nearby. People wear colorful winter coats, scarves, knitted hats, and gloves, actively rolling snowballs or decorating snowman. Happy, playful expressions. Cool blue-white winter atmosphere with colorful clothing accents. 8K quality, vibrant colors, crisp focus. 
REMINDER: Keep all uploaded faces and bodies completely unchanged.","outdoor","family,family / group,landscape,snow,snowy","[""family"",""family / group"",""landscape"",""snow"",""snowy""]"
,"1763474400297.208","Snowy","Couple / Duo","christmas","15",,,,,"true","landscape","https://giddy-swan-737.convex.cloud/api/storage/39c7cc1a-40df-4718-9dea-9ef4dcb89346","CRITICAL: Preserve the exact facial features, age, hair color, hair style, skin tone, body type, pose, and all physical characteristics of every uploaded person without ANY changes. Face and identity preservation is the absolute priority. Keep the same number of people and their relative positions in the frame unchanged. 
Edit the uploaded photo to match the 'Sledding Hill' Snowy Christmas template. Replace the background with: Dynamic winter scene on snowy hillside slope with people on sleds captured mid-descent, pristine white snow covering rolling hills, snow-covered evergreen trees lining the slope, dramatic golden-hour sunset sky with pink and orange hues painting clouds, motion blur effect on snow spray and sled movement creating sense of speed and excitement, crisp winter air atmosphere with visible breath vapor, snow particles kicked up during sledding. Use natural ambient lighting style with warm sunset glow illuminating subjects from side, golden light creating long shadows on snow, cool blue tones in shadowed snow areas contrasting with warm sunset colors. Update outfits only to fit a festive snowy Christmas look (bright colorful winter coats, knit scarves, warm hats with pom-poms, insulated snow pants, winter gloves) while keeping overall realism. Maintain the original camera angle and composition. Capture joyful, exhilarating moment of winter fun with dynamic energy and movement. The scene should feel crisp, magical, and full of holiday adventure with professional action photography quality. If additional user preferences are provided, treat them as secondary styling notes (colors, small props, mood) and only apply them when they do not conflict with the template layout or subject preservation. 
REMINDER: Keep all uploaded faces, bodies, ages, and identities completely unchanged.","outdoor","couple / duo,landscape,snowy","[""couple / duo"",""landscape"",""snowy""]"
,"1763474400297.2083","Snowy","Single Portrait","christmas","12",,,,,"true","portrait","https://giddy-swan-737.convex.cloud/api/storage/5424576f-77cf-4820-8911-87c200c96c99","CRITICAL: Preserve the exact facial features, age, hair color, hair style, skin tone, body type, pose, and all physical characteristics of every uploaded person without ANY changes. Face and identity preservation is the absolute priority. Keep the same number of people and their relative positions in the frame unchanged. 
Edit the uploaded photo to match the 'Snowfall Portrait' Snowy Christmas template. Replace the background with: Elegant winter portrait scene with gentle snowfall, individual snowflakes captured sharply in foreground creating bokeh effect and depth, soft-focused snow-covered evergreen trees in background, serene winter atmosphere with overcast sky providing even diffused lighting, pristine white snow blanket covering ground, peaceful quiet snowfall creating magical holiday ambiance. Use natural ambient lighting style with soft diffused winter daylight, cool blue-white color temperature typical of snowy overcast conditions, gentle highlights on face from reflected snow light, subtle rim lighting from sky. Update outfits only to fit a festive snowy Christmas look (cozy knit beanie or winter hat, warm wool coat or puffer jacket, chunky scarf, layered winter clothing in rich holiday colors) while keeping overall realism. Maintain the original camera angle and composition. Capture serene, contemplative winter portrait with cinematic shallow depth of field focusing on subject while snowflakes create beautiful foreground bokeh. The scene should feel peaceful, elegant, and timelessly festive with professional magazine-quality portrait photography aesthetics. If additional user preferences are provided, treat them as secondary styling notes (colors, small props, mood) and only apply them when they do not conflict with the template layout or subject preservation. 
REMINDER: Keep all uploaded faces, bodies, ages, and identities completely unchanged.","outdoor","portrait,single portrait,snowy","[""portrait"",""single portrait"",""snowy""]"
,"1763474400297.2085","Snowy","Single Portrait","christmas","11",,,,,"true","landscape","https://giddy-swan-737.convex.cloud/api/storage/3630359c-7f8c-40e5-9b6a-1389d9d99204","CRITICAL: Preserve the exact facial features, age, hair color, hair style, skin tone, body type, pose, and all physical characteristics of every uploaded person without ANY changes. Face and identity preservation is the absolute priority. Keep the same number of people and their relative positions in the frame unchanged. 
Edit the uploaded photo to match the 'Derdelus' Snowy Christmas template. Replace the background with: Immersive POV perspective of exhilarating sled ride through winding snowy forest path, snow-covered pine trees lining both sides creating natural tunnel effect, fresh powder snow on ground with sled tracks visible, gentle motion blur on surrounding trees suggesting movement and speed, subtle camera sway creating dynamic sense of riding experience, snow particles and flakes caught in motion, winter wonderland forest atmosphere with dappled natural light filtering through tree branches, distant holiday cabin or warm lights visible through trees adding festive touch. Use natural ambient lighting style with soft overcast winter daylight, cool blue-white tones in shadowed areas, bright white highlights on snow surfaces, atmospheric perspective creating depth. Update outfits only to fit a festive snowy Christmas look (insulated winter coats in vibrant colors, warm snow pants, thick gloves, cozy winter hats or helmets, scarves) while keeping overall realism. Maintain the original camera angle and composition while incorporating the POV sledding perspective. Capture the thrilling, adventurous energy of winter sledding with cinematic action photography quality, sense of speed and joy. The scene should feel dynamic, immersive, and full of holiday winter excitement with professional sports photography aesthetics. If additional user preferences are provided, treat them as secondary styling notes (colors, small props, mood) and only apply them when they do not conflict with the template layout or subject preservation. 
REMINDER: Keep all uploaded faces, bodies, ages, and identities completely unchanged.","outdoor","landscape,single portrait,snow,snowy,image","[""landscape"",""single portrait"",""snow"",""snowy"",""image""]"
,"1763474400297.2087","Romantic","Couple / Duo","christmas","16",,,,,"true","portrait","https://giddy-swan-737.convex.cloud/api/storage/2cf3b1b3-e33b-421a-9456-f1a66b65506f","CRITICAL: Preserve the exact facial features, age, hair color, hair style, skin tone, body type, pose, and all physical characteristics of every uploaded person without ANY changes. Face and identity preservation is the absolute priority. Keep the same number of people and their relative positions in the frame unchanged. 
Edit the uploaded photo to match the 'Mistletoe Kiss' Romantic Christmas template. Replace the background with: Intimate romantic scene of couple sharing tender moment under hanging mistletoe with red berries and green leaves, elegant home interior with decorated Christmas tree softly glowing in background, warm string lights creating bokeh effect, festive garlands with pine branches and red ribbons adorning doorway or archway, cozy living room atmosphere with candles and holiday decorations, soft golden backlight creating dreamy halo effect around couple with subtle lens flare adding magical romance. Use natural ambient lighting style with warm golden-hour quality light, soft backlight illuminating subjects from behind creating gentle rim light on hair and shoulders, lens flare adding ethereal romantic glow, warm color temperature throughout creating intimate atmosphere. Update outfits only to fit a festive romantic Christmas look (elegant knit sweaters, sophisticated holiday dresses, dress shirts, layered winter fashion in deep reds, greens, creams) while keeping overall realism. Maintain the original camera angle and composition. Capture deeply romantic, intimate Christmas moment with cinematic shallow depth of field, professional engagement photography quality. The scene should feel warm, magical, and timeless with soft dreamy aesthetic and authentic emotional connection. If additional user preferences are provided, treat them as secondary styling notes (colors, small props, mood) and only apply them when they do not conflict with the template layout or subject preservation. 
REMINDER: Keep all uploaded faces, bodies, ages, and identities completely unchanged.","tree","couple,couple / duo,portrait,romantic","[""couple"",""couple / duo"",""portrait"",""romantic""]"
,"1763474400297.209","Romantic","Couple / Duo","christmas","18",,,,,"true","landscape","https://giddy-swan-737.convex.cloud/api/storage/7b79f88a-6e70-4668-8113-00c9b826ed77","CRITICAL: Preserve the exact facial features, age, hair color, hair style, skin tone, body type, pose, and all physical characteristics of every uploaded person without ANY changes. Face and identity preservation is the absolute priority. Keep the same number of people and their relative positions in the frame unchanged. 
Edit the uploaded photo to match the 'Sleigh Ride Duo' Romantic Christmas template. Replace the background with: Romantic winter scene of couple sitting together in classic wooden sleigh being pulled by horse team, horses positioned directly in front of sleigh connected by leather harnesses and reins, the sleigh moving forward along snowy forest path, snow-covered evergreen pine trees lining both sides of the trail, fresh snow on ground with sleigh runners creating tracks, gentle snowfall adding magical atmosphere, motion blur on surrounding trees indicating forward movement, wooden sleigh features ornate carvings and red velvet seating, warm plaid blanket covering couple, evergreen garlands with red bows decorating sleigh sides, distant winter landscape with mountains visible through trees, golden sunset light filtering through forest. Use natural ambient lighting style with soft winter daylight, warm golden tones from setting sun, cool blue shadows in snow, gentle romantic glow. The composition must show proper sleigh configuration: horses in front pulling the sleigh from behind them in natural driving position, not separated or beside each other. Update outfits only to fit a festive romantic Christmas look (elegant wool coats, cashmere scarves, vintage winter fashion, rich holiday colors) while keeping overall realism. Maintain the original camera angle and composition. Capture classic romantic sleigh ride with horses properly harnessed and pulling sleigh, professional cinematic quality showing correct historical sleigh ride setup. The scene should feel authentic, elegant, and like a traditional Christmas card with proper horse-drawn sleigh mechanics clearly visible. If additional user preferences are provided, treat them as secondary styling notes (colors, small props, mood) and only apply them when they do not conflict with the template layout or subject preservation. 
REMINDER: Keep all uploaded faces, bodies, ages, and identities completely unchanged. Ensure horses are positioned in front of and pulling the sleigh in proper driving formation.","outdoor","couple,couple / duo,landscape,romantic,snow","[""couple"",""couple / duo"",""landscape"",""romantic"",""snow""]"
,"1763474400297.2092","Romantic","Card / No people","christmas","14",,,,,"true","portrait","https://giddy-swan-737.convex.cloud/api/storage/de4b859c-2228-4ead-95ea-b82a29a07b15","CRITICAL: If people are present in the uploaded image, preserve their exact facial features, age, hair color, hair style, skin tone, body type, and all physical characteristics without ANY changes. However, integrate them subtly into the card design as secondary elements to the card layout itself. 
Edit the uploaded image into an elegant Christmas greeting card that matches the 'Minimal Love Card' Romantic template. Create a polished minimalist card design with: Clean white or cream background, delicate thin-line heart outline as central decorative element, elegant holly leaves with red berries artistically incorporated into or around the heart design, sophisticated text column space positioned on right side of card with ample room for personalized greeting message, subtle romantic Christmas elements like small snowflakes or stars scattered minimally, refined border or frame in gold, silver, or soft red tones. Use natural ambient lighting style with soft even illumination, clean professional photography aesthetic. The design should prioritize the card layout and decorative elements. If people are in the original image, de-emphasize them or integrate them very subtly as soft background elements or small accent photos, ensuring the card design remains the primary focus. Leave generous clear space for text placement on right column. Keep the overall portrait orientation. The aesthetic should be modern, sophisticated, and minimalist with elegant typography-friendly layout, professional greeting card quality with romantic yet understated Christmas charm. If additional user preferences are provided, apply them to color palette refinements (blush pink, deep red, forest green, metallics), decorative detail adjustments, or text mood enhancement, but do not add complex scenes or additional characters. 
REMINDER: Card layout and text space are the priority. People, if present, should be minimized or artistically integrated without dominating the design.","tree","card,card / no people,portrait,romantic","[""card"",""card / no people"",""portrait"",""romantic""]"
,"1763474400297.2095","Romantic","Couple / Duo","christmas","19",,,,,"true","portrait","https://giddy-swan-737.convex.cloud/api/storage/601ae84f-73de-40be-80a7-1e545f052177","CRITICAL: Preserve the exact facial features, age, hair color, hair style, skin tone, body type, pose, and all physical characteristics of every uploaded person without ANY changes. Face and identity preservation is the absolute priority. Keep the same number of people and their relative positions in the frame unchanged. 
Edit the uploaded photo to match the ""Winter Proposal"" Romantic Christmas template. Replace the background with: Deeply emotional proposal moment captured in enchanting snow-covered park setting during twilight, pristine white snow blanketing ground and tree branches, elegant fairy lights strung through bare winter trees creating magical twinkling canopy overhead, warm golden glow from string lights contrasting beautifully with cool blue winter atmosphere, gentle snowfall adding romantic ambiance, snow-covered park benches and lamp posts visible, distant city lights or decorated buildings softly glowing in background, footprints in fresh snow leading to proposal spot, perhaps scattered rose petals on snow or small lanterns creating intimate circle. Use natural ambient lighting style with magical blue hour lighting, warm fairy light glow illuminating couple from above creating dreamy bokeh effect, soft reflected light from snow, ethereal twilight sky with deep blue and purple tones, gentle rim lighting on subjects. Update outfits only to fit a festive romantic Christmas look (elegant winter coats, sophisticated scarves, dressy winter attire, perhaps woman in flowing dress with coat, refined winter fashion in jewel tones or classic black and burgundy) while keeping overall realism. Maintain the original camera angle and composition. Capture raw authentic emotion of proposal moment with candid genuine expressions of surprise, joy, love, tears of happiness, professional engagement photography quality with perfect timing. The scene should feel deeply romantic, magical, and once-in-a-lifetime with cinematic movie proposal aesthetics, emotional storytelling, and breathtaking winter wonderland beauty. If additional user preferences are provided, treat them as secondary styling notes (colors, small props, mood) and only apply them when they do not conflict with the template layout or subject preservation. 
REMINDER: Keep all uploaded faces, bodies, ages, and identities completely unchanged. Preserve authentic emotional expressions.","outdoor","couple / duo,portrait,romantic,snow","[""couple / duo"",""portrait"",""romantic"",""snow""]"
,"1763705447254.7708","Cozy","Family / Group","christmas","12","16:9","6","1080p","true","true","landscape","https://giddy-swan-737.convex.cloud/api/storage/efc9e84f-ed1f-47cb-ac2b-606d35b7cc25","Use the uploaded reference images to extract and preserve the identity, facial features, hairstyle, age, skin tone, and overall appearance of each individual with maximum fidelity. Only the people in the reference images may appear in the video. No additional characters, no altered faces, and no identity drift are allowed. Maintain sharp, clear, well-lit faces throughout the entire sequence.

Identity requirements:
- Preserve each person’s exact facial structure, proportions, skin tone, hair details, and natural expression style.
- No blending, deformation, or smoothing of facial features.
- Faces must remain stable and recognizable from all angles.
- Do not obscure faces with props, shadows, or exaggerated movements.

Scene description:
A warm, intimate Christmas evening setting with only the uploaded individuals sitting comfortably near a crackling stone fireplace. They relax together on a plush rug and a cozy couch, each holding a steaming mug of hot chocolate topped with marshmallows. Light steam rises naturally from the mugs. The atmosphere is calm, joyful, and cinematic.

Action control:
Show subtle, slow, realistic gestures:
- hands warming around mugs  
- gentle head movements  
- soft eye contact or relaxed glances  
- natural breathing  
- light, warm expressions and content smiles  

Avoid any artificial or exaggerated movements. No sudden behavior changes. No automatic action transitions.

Environment:
A stone fireplace emits warm flickering golden light that softly illuminates the individuals’ faces with smooth highlights and gentle shadows. Christmas stockings hang neatly from the mantel. Pine garlands decorated with red berries frame the fireplace. In the softly blurred background, twinkling fairy lights create warm bokeh.

Clothing:
AI-generated cozy knit winter sweaters in tones such as burgundy, cream, and forest green. Clothing must not distort identity or hide the face.

Camera direction:
Cinematic close-up and medium shots with a slow, smooth dolly-in movement. Shallow depth of field keeps faces crisp while the background softly blurs. Motion must be stable, gentle, and consistent.

Lighting:
Warm 2700K firelight as the key source. Soft fill from ambient Christmas tree lights. Balanced exposure that keeps faces clear and well defined without harsh shadows or overexposure.

Style:
Lifestyle documentary-style cinematography with emotional warmth and premium visual quality. Professional warm color grading with rich tones and subtle film grain texture. Smooth cinematic motion similar to a holiday commercial.

Additional instructions:
- Preserve identity only; clothing, environment, and lighting follow the scene description.
- Adapt naturally to 1, 2, or 3 reference individuals, maintaining accurate placement and proportions.
- No extra people under any circumstances.
- Maintain visual consistency of all individuals across the entire video.
- Keep all actions, lighting, and gestures coherent and realistic.
- Faces must stay sharp, stable, and unobstructed at all times.
","fireplace","cozy,family / group,fireplace,landscape,video","[""cozy"",""family / group"",""fireplace"",""landscape"",""video""]"
,"1763705447254.771","Cozy","Family / Group","christmas","12","16:9","6","1080p","true","true","landscape","https://giddy-swan-737.convex.cloud/api/storage/2d32231d-9403-473f-968b-62485379683e","Use the uploaded reference images to extract and preserve the identity, facial features, hairstyle, age, skin tone, and overall appearance of each individual with maximum clarity. The video must include only these exact people. No additional characters are allowed. Each face must remain consistently sharp, stable, and recognizable throughout the entire video.

Identity requirements (critical):
- Do not alter age, skin tone, hairstyle, bone structure, or natural expression style.
- No face blending, smoothing, distortion, or morphing.
- Faces must remain well-lit, clear, unobstructed, and never lost in shadow.
- Maintain identity fidelity with no changes during motion or angle shifts.

Scene description:
A heartwarming wide-to-medium shot of only the people in the uploaded reference images gathered cozily near a stone fireplace during a warm Christmas evening. They interact naturally with each other—sharing gentle laughter, exchanging smiles, and enjoying intimate conversation. Show authentic human connection: soft head tilts, expressive hand gestures, warm eye contact, and relaxed leaning or closeness between individuals.

Fireplace environment:
A crackling stone fireplace emits warm golden light that flickers softly across the scene, creating depth and cinematic atmosphere. A Christmas tree with soft white lights appears in the background with a gentle glow, slightly out of focus for bokeh effect. Stockings hang neatly from the mantel alongside pine garlands, natural green foliage, and rich burgundy ribbons—forming a classic Christmas ambiance.

Action control (strict):
- Movements must be slow, natural, and physically consistent.
- No abrupt transitions, no automatic changes in activity.
- No invented actions, no props appearing unless described.
- Hands must not merge into bodies, fireplace, or environment.
- Keep actions simple: laughter, gestures, storytelling, eye contact.

Cinematic direction:
A slow and subtle gentle push-in camera movement emphasizes intimacy. Use shallow depth of field to keep the individuals and their faces in crisp focus while the background softly blurs. Maintain smooth, stable motion with zero jitter or sudden reframing.

Lighting:
Warm fireplace practical light as the key source (~2700K), softly illuminating faces with gentle highlights and warm shadows. Christmas lights act as subtle fill and accent light. Include a delicate warm rim light that defines outlines without overpowering the scene.

Clothing:
AI-generated festive casual winter clothing such as chunky knit sweaters, cozy textures, and holiday-appropriate outfits in rich jewel tones — but identity must remain the same. Clothing should not block or distort facial identity.

Style:
High-end lifestyle cinematography with emotional storytelling. Professional warm color grading. Smooth cinematic motion similar to premium holiday commercial aesthetics. Keep expressions genuine and natural — real smiles, soft eye movements, subtle breathing.

Additional instructions:
- Preserve identity only; background, clothing, lighting, and environment follow the scene description.
- Maintain accurate proportion and placement for 1, 2, or 3 uploaded individuals.
- No additional characters or background people.
- Keep faces clear, sharp, and never occluded by hair, hands, shadows, or props.
- Ensure visual consistency across the entire video with no identity drift.
- Avoid any dramatic changes, exaggerated gestures, or unpredictable behavior.
","fireplace","cozy,family / group,fireplace,landscape,video","[""cozy"",""family / group"",""fireplace"",""landscape"",""video""]"
,"1763705447254.7712","Snowy","Family / Group","christmas","14","16:9","6","1080p","true","true","landscape","https://giddy-swan-737.convex.cloud/api/storage/e559f884-3fc4-4d97-be6c-a5b362991a4b","Use the uploaded reference images to extract and preserve the identity, facial features, hairstyle, age, skin tone, and overall appearance of each individual with maximum clarity. The video must include only these exact people, with no additional characters added. The face of each person must remain consistently sharp, stable, and clearly recognizable throughout the entire video.
Identity requirements (very important):
- Do not alter age, facial structure, skin tone, or hairstyle.
- Do not blend faces or smooth them out; maintain crisp identity details.
- Faces must remain fully visible, unobstructed, and not distorted by snow, motion, or transitions.
- No morphing, no automatic camera-cut transitions, and no changes to identity at any moment.

Scene description:
Medium shot of only the people in the uploaded reference images collaborating together to build a snowman in a winter landscape. Show realistic and controlled actions: gently rolling large snowballs, lifting and placing sections, patting the snow to smooth the surface, and carefully adjusting details. Actions must be natural, stable, and physically coherent.

Important action control:
- No automatic transitions or sudden changes in activity.
- Do not jump ahead in the process.
- The carrot nose, eyes, and stick arms should appear ONLY when placed in the moment, not earlier.
- No merging of hands with the snowman; maintain clean separation between hands and snow.
- Movements must be smooth, slow, intentional, and continuous.

Visual environment:
A bright snowy landscape with soft snowfall, snow-covered trees in the background, and even cinematic winter daylight. Clothing should be winter-appropriate, colorful, and coordinated, but identity must remain the same. Keep the faces well-lit and clearly visible at all times.

Cinematic requirements:
- Smooth, slow, stable camera movement (no cuts, no jumps).
- Medium depth of field to keep faces sharp.
- Realistic breathing, natural gestures, and consistent proportions.
- No extra people, no crowds, no additional characters in the background.

Additional instructions:
- Preserve identity only; background, clothing, and lighting are generated according to the scene description.
- Maintain consistent placement and proportion for 1, 2, or 3 uploaded individuals.
- The video must not introduce new elements, new characters, or new actions.
- Keep faces front-facing or at natural angles where identity remains fully recognizable.
- Avoid hand, snow, or body deformation during interaction.
","outdoor","snowy,family / group,landscape,winter,video","[""snowy"",""family / group"",""landscape"",""winter"",""video""]"
,"1763705447254.7715","Snowy","Family / Group","christmas","12","9:16","6","1080p","true","true","portrait","https://giddy-swan-737.convex.cloud/api/storage/91ee572b-b72c-4135-aade-9e87d3c46c5c","Use the uploaded reference images to extract and preserve the exact identity of each individual with maximum accuracy. Maintain their real facial features, proportions, hair characteristics, age, skin tone, and overall appearance exactly as shown in the reference images. Only the individuals from the reference images may appear in the video. Absolutely no additional characters, no altered faces, and no identity drift are allowed.

Identity stability:
- Keep all faces sharp, well-lit, and fully recognizable throughout.
- Preserve each person’s natural facial expression style.
- No warping, smoothing, blending, or de-aging.
- No obscured faces—ensure upward-facing visibility remains clear.

Scene description:
A magical winter scene filmed from an overhead aerial perspective, looking directly down at only the uploaded individuals lying in pristine, untouched fresh snow while joyfully creating snow angels. The snow surface is clean and bright, forming a perfect natural canvas.

Action control:
Show smooth, natural, rhythmic snow-angel motions:
- arms sweeping outward from hips to overhead  
- legs spreading outward and then closing  
- gentle, coordinated movement  
- consistent motion without abrupt transitions  

Faces should show joyful expressions as they look upward toward the sky/camera. Breathing should be subtle and natural, with occasional soft visible vapor. No actions should change or transition unexpectedly.

Environment:
Fresh, untouched snow beneath the individuals with soft texture. Snow angel impressions must form clearly and accurately in real-time with each sweeping motion. Light gentle snowfall drifts downward, creating soft foreground bokeh and enhancing the overhead perspective. Surrounding area is an open snow field with distant snow-covered trees along the horizon.

Clothing:
AI-generated vibrant winter coats in rich contrasting colors such as red, royal blue, and bright purple that stand out against the white snow. Clothing must not obscure faces or interfere with identity clarity.

Camera direction:
Overhead camera positioned directly above subjects. Composition should show full body and complete symmetrical snow-angel formations. Camera movement should be minimal, subtle, and cinematic—such as a slow, smooth rise, gentle descent, or slight rotation to enhance perspective while maintaining stability.

Lighting:
Bright overcast winter daylight provides soft, even illumination. Snow acts as a natural reflector, casting clean diffused light upward onto faces for flattering clarity. White balance should reflect cool winter daylight.

Style:
Whimsical lifestyle cinematography with crisp focus, vibrant color saturation, and strong contrast between subjects and snow. Magical winter atmosphere enhanced by falling snow, clean compositions, and rhythmic motion. Professional cinematic quality with smooth, stable movement.

Additional instructions:
- Preserve identity only; clothing, background, and lighting are defined by the scene description.
- Adapt naturally to 1, 2, or 3 reference individuals while maintaining accurate proportions and spatial placement.
- No extra people under any circumstances.
- Ensure consistent appearance, lighting, and facial clarity for all individuals across the entire video.
- Motion must remain steady, realistic, and visually coherent with no abrupt shifts or unwanted behaviors.
","outdoor","snowy,family / group,portrait,winter,video","[""snowy"",""family / group"",""portrait"",""winter"",""video""]"
,"1763705447254.7717","Classic","Family / Group","christmas","12","9:16","6","1080p","true","true","portrait","https://giddy-swan-737.convex.cloud/api/storage/c5dcbc25-f5e2-4bcd-ac3c-00a352e5cddd","Use the uploaded reference images to extract and preserve the exact identity of each individual with maximum fidelity. Maintain their real facial structure, proportions, hairstyle, age, skin tone, and unique appearance exactly as shown. Only the individuals in the reference images may appear. No additional characters or altered faces are allowed.

Identity stability:
- Keep faces sharp, clear, well-lit, and recognizable at all times.
- No warping, blending, smoothing, or face drift.
- Preserve their natural look and expression style while maintaining cinematic consistency.
- Do not obscure faces with camera angles, ornaments, shadows, or tree branches.

Scene description:
A warm, elegant Christmas evening scene where only the uploaded individuals decorate a majestic Christmas tree together in a beautifully appointed living room. The mood is cozy, festive, and cinematic.

Action control:
Show natural, collaborative decorating motions:
- hands gently hanging ornaments  
- placing baubles and ribbons  
- stringing lights along branches  
- reaching upward toward higher branches  
- passing ornaments to one another  
- stepping back briefly to evaluate placement  
- subtle, realistic gestures and soft expressions  

Movements must be smooth, intentional, and consistent, with no abrupt behavior changes or automatic transitions.

Environment:
A tall, richly green Christmas tree stands prominently in the room. Branches catch warm interior lighting, creating depth and sparkle. The room features tasteful holiday décor: fireplace in the background, pine garlands, candles, and elegant seasonal accents. Evening ambiance enhances the cozy warm styling.

Clothing:
AI-generated holiday attire inspired by festive elegance—knit sweaters or soft winter clothing in burgundy, forest green, cream, or muted seasonal jewel tones. Clothing must never obscure identity.

Camera direction:
A graceful cinematic medium-wide shot with slow circular dolly movement around the tree, capturing a 180-degree perspective. Subtle crane motion from slightly low to slightly high accentuates tree height and creates a dynamic visual layer. Keep motion smooth, stable, and slow.

Lighting:
Warm interior lighting around 2700K reflecting a cozy evening environment. Christmas tree lights gradually brighten as they are tested and activated, creating subtle starburst reflections on ornaments. Soft window light from outside adds a mild cool contrast for realism. Ensure faces remain evenly lit, visible, and clear throughout.

Style:
Upscale lifestyle cinematography with rich warm color grading, controlled highlights, and smooth cinematic motion. Medium depth of field keeps subjects and tree sharp while the background softly blends. Reflections on ornaments should shimmer naturally with high-quality detail.

Additional instructions:
- Preserve identity only; environment, clothing, and lighting follow the scene description.
- Adapt cleanly to 1, 2, or 3 reference individuals while maintaining correct proportions and natural interaction.
- No extra people under any circumstances.
- Maintain facial consistency, lighting consistency, and stable identity across the entire video.
- Keep all gestures and actions realistic, coherent, and aligned with the decorating process.
- No unwanted pose changes, random actions, or character inconsistencies.
","tree","classic,family / group,portrait,tree,video","[""classic"",""family / group"",""portrait"",""tree"",""video""]"
,"1763705447254.772","Romantic","Couple / Duo","christmas","16","4:5","6","1080p","true","true","portrait","https://giddy-swan-737.convex.cloud/api/storage/e94f3df7-8553-4089-822b-b5a190b83ed1","Use the uploaded reference images to extract and preserve the exact identity, facial features, hairstyle, age, skin tone, and overall appearance of each individual with maximum accuracy. Only the people in the reference images may appear. No additional characters, no altered faces, and no identity drift are allowed.

Identity stability:
- Maintain sharp, clear, well-lit facial details at all times.
- Preserve their natural appearance and expression style without smoothing, warping, or blending.
- Keep both faces unobstructed, with consistent proportions and stable identity from every angle.

Scene description:
A warm, cinematic romantic moment where the two uploaded individuals share a tender holiday kiss beneath a hanging mistletoe. The environment is soft, glowing, and emotionally intimate, capturing a timeless Christmas romance.

Action control:
Show a natural sequence of romantic gestures:
- couple approaches each other with warm expressions  
- they gently look upward to notice the mistletoe  
- exchange loving glances  
- lean in slowly for a soft, tender kiss  
- natural eye closing during the kiss  
- subtle hands touching face, gentle embrace, relaxed body language  

Movements must remain smooth, stable, and realistic, with no abrupt or exaggerated transitions.

Environment:
Mistletoe with green leaves and red berries hangs naturally from a doorway or archway decorated with pine garland and a red ribbon. Behind them, a softly glowing Christmas tree emits warm golden lights. Background bokeh should create a dreamy, romantic atmosphere.

Clothing:
AI-generated elegant holiday attire—such as a sophisticated dress or dressy sweater for the woman, and a fine-knit sweater or button-down shirt for the man. Colors include deep jewel tones: burgundy, emerald, navy. Clothing should complement the scene without obscuring facial identity.

Camera direction:
Cinematic romantic close-up with a gentle slow push-in as the couple approaches. Camera holds steady during the kiss, with a subtle upward tilt following their gaze toward the mistletoe before they lean in. Motion is soft, smooth, and highly controlled.

Lighting:
Warm golden lighting around 2700K creating a romantic mood. Soft golden backlight forms a gentle halo around their hair and shoulders, with subtle lens flare adding a magical holiday touch. Key light on faces must remain soft and flattering. Background tree lights create creamy bokeh.

Style:
Luxury romance cinematography with film-like softness, warm rich color grading, subtle diffusion, and shallow depth of field. Emphasize emotional authenticity, gentle movement, and high-end holiday aesthetics.

Additional instructions:
- Preserve identity only; clothing, background, and lighting are defined by the scene description.
- For two uploaded individuals, maintain accurate positioning and intimate interaction.
- No extra people under any circumstances.
- Keep faces fully visible and consistently recognizable throughout.
- Ensure motion is coherent, intimate, and emotionally natural.
","tree","romantic,couple / duo,portrait,mistletoe,video","[""romantic"",""couple / duo"",""portrait"",""mistletoe"",""video""]"
,"1763705447254.7722","Romantic","Family / Group","christmas","12","16:9","8","1080p","true","true","landscape","https://giddy-swan-737.convex.cloud/api/storage/222518b1-b43a-4a07-8e2e-bdf212c37a50","Use the uploaded reference images to extract and preserve the exact facial identity, expressions, age, hairstyle, and physical appearance of each adult exactly as shown. Only the individuals in the reference images may appear. No additional people, no identity drift, no facial changes, and no alterations to their appearance at any point.

Identity stability requirements:
- Maintain consistent, sharp, well-lit facial features no matter the angle.
- Preserve natural expressions, eye shapes, and proportional details.
- Faces may turn naturally while staying fully recognizable.
- No smoothing, warping, or blending between frames.

Scene overview:
A warm, elegant Christmas dinner gathering in a beautifully lit dining room. Begin with a wide establishing shot of all adults seated around an exquisitely prepared holiday dinner table, transitioning into medium shots during natural conversation. The emotional tone is warm, joyful, and sincere.

Table & props (STRICT continuity rules):
The table is elegantly set with:
- white linen tablecloth  
- fine bone china  
- polished silverware  
- crystal wine glasses (each filled with red wine)  
- cloth napkins folded neatly  
- festive centerpiece of fresh pine branches, red holly berries, white pillar candles at multiple heights, and scattered gold ornaments  

A golden roasted turkey sits as the main centerpiece dish, surrounded by classic holiday sides in refined serving platters.  
All props remain perfectly consistent with NO changes:
- wine glasses never transform, disappear, change color, or become another object  
- silverware stays on the table  
- no bottles appear in hands  
- food remains visually stable  
- candles do not change height or position  

Character action & movement:
Adults engage in subtle, natural dinner-table behavior:
- relaxed conversation  
- gentle head tilts  
- soft laughter  
- mild expressive gestures while keeping one hand on their crystal wine glass  
- occasional warm glances exchanged across the table  

At the key emotional moment, all adults simultaneously perform a coordinated toast:
- each raises their crystal wine glass  
- glasses meet in the center above the table  
- glasses return smoothly to their original position afterward  

Movements must stay controlled, stable, and realistic. No exaggerated gestures or rapid motion.

Clothing:
AI-generated but aligned with the upscale holiday theme.  
Women wear elegant holiday dresses or dressy blouses in jewel tones.  
Men wear button-down shirts or fine-knit sweaters.  
Color palette: burgundy, emerald green, navy, gold accents.  
Clothing must remain stable and consistent through the entire sequence.

Camera direction:
A slow, refined lateral dolly shot tracking along the length of the table from left to right at consistent eye-level.  
No sudden angle changes, no jumps, no cuts.  
Camera glides smoothly, transitioning naturally from the wide establishing view into medium conversational shots.

Lighting:
Warm candlelight is the dominant source at around 2400K, providing soft flicker and amber glow across faces.  
Supplemented by:
- soft, warm overhead chandelier lighting  
- gentle twilight window fill for subtle depth  
The lighting creates dimensionality without harsh shadows, preserving flattering skin tones and rich golden warmth.

Background & environment:
Decorated dining room with:
- fresh garland along walls  
- warm string lights  
- soft ambient Christmas décor  
- partial view of a lit Christmas tree through a doorway or adjacent room  

Depth of field:
Medium depth of field keeping diners and table elements sharp while the background falls into elegant soft defocus.

Cinematic style:
Luxury lifestyle editorial cinematography with:
- smooth 24fps motion  
- film-like grain  
- warm golden/amber color grading  
- consistent exposure  
- no visual artifacts, no jerky transitions  
- grounded, authentic emotional warmth  

Special requirements:
- Maintain perfect prop continuity—no object morphing or swapping.  
- Maintain perfect facial identity.  
- Keep wine glasses stable, never replaced or altered.  
- Keep scene absolutely consistent in lighting, environment, and attire.  
","table","romantic,family / group,landscape,dinner,video","[""romantic"",""family / group"",""landscape"",""dinner"",""video""]"
,"1764606351277.4365","Classic","Holiday","Christmas","8",,,,,"true","portrait","https://giddy-swan-737.convex.cloud/api/storage/49de4c75-473c-4c47-9482-e8b8d7c4d25f","CRITICAL: Preserve the exact facial features, age, hair color, hair style, skin tone, body type, and all physical characteristics of every uploaded person without ANY changes. Face preservation is the absolute priority.
Only show the uploaded photo(s) that the user provides. Do NOT create extra empty spaces, blank placeholders, or unused image slots. If only one image is uploaded, the frame must display only that single image, and the remaining area of the frame must be filled with Christmas decorations, patterns, or ornaments so the frame looks complete, seamless, and intentional.

Show Santa Claus standing in a beautifully decorated Christmas living room during the evening, holding a large magical frame or card with both hands. Inside this frame, place the uploaded person's photo perfectly and clearly, without distortion, cropping, or alteration. Position the uploaded image on the right side of the frame. The left side of the frame must be fully decorated with premium Christmas design elements such as golden ornaments, holly leaves, elegant patterns, warm glowing lights, sparkles, and red ribbons—never leave any blank or empty areas.

At the top of the frame, include the text: 'Happy Christmas'. On the left decorative panel, include elegant title text: 'Here is Your Gift'. Below the uploaded image area, include a warm wish such as: 'Wishing You Joy, Love, and Holiday Magic'.

Scene background: a luxurious Christmas living room with a decorated tree glowing with warm white lights, a stone fireplace with stockings, plush rugs, wrapped gifts in red and gold, pine garlands with candles, and soft 2700K lighting that gives the space a golden, cozy warmth. Santa wears a classic high-quality red suit with white fur trim and smiles warmly. The overall look should feel enchanting, polished, and magical. Use shallow depth of field, 8K quality, and warm natural tones throughout.

REMINDER: Keep the uploaded face and body completely unchanged.
","Santa","classic,holiday,tree,evening,santa,christmas,magical","[""classic"",""holiday"",""tree"",""evening"",""santa"",""christmas"",""magical""]"
,"1764624808202.4937","Classic","","christmas","14","9:16","8","1080p","true","true","portrait","https://giddy-swan-737.convex.cloud/api/storage/8b4fa6af-e9f1-48be-a98e-078af876f399","Use the following video as input. Do not modify anything except the spoken name. Keep the same voice, tone, lip-sync, timing, and audio quality. Replace the name spoken by the woman with the custom name provided below. Make sure the lip movement matches the new name naturally, and the rest of the video stays unchanged.

Do not change her face and her body type and chlotes under no circumstances.","Sexy Christmas Girl","lady,christmass,sexy,girl","[""lady"",""christmass"",""sexy"",""girl""]"
,"1764820888087.518","Classic","Holiday","Christmas","14","16:9","8","1080p","true","true","landscape","https://giddy-swan-737.convex.cloud/api/storage/faa3c068-cfd8-4a79-b63a-d906aa449faa","Use uploaded reference images to extract and preserve the identity, facial features, hairstyle, age, skin tone, and overall appearance of each individual with maximum clarity and fidelity. These faces appear ONLY as printed photographs on gift-wrapping paper held by elves during wrapping sequences.
Identity requirements (very important):

Uploaded faces must remain consistently sharp, stable, and clearly recognizable on printed gift wrap throughout the entire video
Do not alter age, facial structure, skin tone, or hairstyle in the printed photographs
Do not blend, smooth, warp, stretch, melt, or distort the printed face photos
Face prints must remain fully visible, unobstructed, well-lit, and undistorted by motion or lighting changes
No morphing, no automatic camera-cut transitions, and no changes to printed identity at any moment
Maintain crisp photographic quality of face prints on wrapping paper at all times

IF NO IMAGES ARE UPLOADED:

All wrapping paper becomes fully decorated with festive Christmas designs only (stars, holly, ribbons, snowflakes, candy canes)
No empty windows, blank rectangles, cutouts, or placeholder spaces appear anywhere
Scene remains fully complete, natural, and coherent with traditional festive gift wrap only


SCENE DESCRIPTION (8-SECOND FORMAT)
A magical, warm, storybook-like Christmas workshop interior at the North Pole. Medium-wide establishing shot showing Santa Claus seated on an ornate carved wooden throne at center-left, holding and reading aloud from a heartfelt letter with glowing warmth and expressive kindness. To the right, two cheerful elves work collaboratively at a large wooden workbench, actively wrapping colorful gifts using festive wrapping paper that displays printed photographs of uploaded faces (only when images are provided).
The workshop feels enchanted, cozy, cinematic, and richly detailed with wooden beams, toy-filled shelves, warm candlelight, sparkling fairy lights, pine garlands, and a crackling stone fireplace visible in the background.

CHARACTER DESIGN (ALL AI-GENERATED ONLY)
Santa Claus:

Classic traditional appearance: full white beard, red velvet suit with white fur trim, black leather boots, gold belt buckle, white gloves
Warm grandfatherly expression with gentle twinkling eyes and soft expressive movements
Seated in approachable, kind presence with natural gentle gestures
Never uses uploaded faces—fully AI-generated character only

Elves (2 helpers):

Petite cheerful helpers wearing festive green tunics with red accents, red-and-white striped stockings, curled pointed shoes
Pointed ears, jingle bell hats, rosy cheeks
Playful but purposeful personalities with coordinated teamwork movements
None of the elves ever use uploaded faces—fully AI-generated characters only


ACTION CONTROL — SANTA READING THE LETTER (0-5 SECONDS)
Santa holds an opened letter in both hands and reads aloud with expressive warmth and sincerity:

He clearly speaks the name(s) provided by the user with proper pronunciation
He naturally reads the custom phrases provided by the user with meaningful expression
His facial expressions shift believably: soft smiles, gentle nods, warm chuckles at sweet details
Lip-sync and facial movement remain smooth, calm, natural, and emotionally sincere
At approximately 3-4 seconds, Santa includes the special festive greeting:

""Ho Ho Ho, Merry Christmas [NAME]!""
(Replace [NAME] with the real name provided by the user—e.g., ""Ho Ho Ho, Merry Christmas Mike!"")


Santa's voice carries genuine holiday warmth and grandfatherly affection
Movements remain gentle, intentional, cinematic, and emotionally consistent
At 7-8 seconds, Santa looks toward camera with glowing sincerity and says:

""Thank you for your letter.""


Final expression shows heartfelt appreciation and kindness


ACTION CONTROL — ELVES WRAPPING GIFTS (0-8 SECONDS PARALLEL)
Elves perform natural, collaborative, physically realistic gift-wrapping actions throughout the 8-second duration:
Wrapping actions include:

Unrolling festive wrapping paper across boxes
Carefully smoothing edges and folding corners with precision
When images are uploaded: Positioning printed face-photo sections of wrapping paper prominently on gift surfaces
Applying clear tape to secure paper
Tying colorful satin ribbons into bows
Inspecting completed gifts with proud satisfied expressions
Passing tools between each other: scissors, tape dispensers, ribbon spools
Placing finished wrapped gifts into Santa's large burlap sack or onto wooden shelves
Occasionally glancing toward Santa with cheerful synchronized expressions

Critical gift wrap visibility rules:

If images uploaded: Gifts with printed face photographs must stay in clear view and remain sharp, well-lit, stable, and undistorted throughout all wrapping sequences
If no images uploaded: All gifts are simply wrapped with traditional decorative Christmas paper (holly, stars, snowflakes) with no empty photo spots or blank rectangular areas
No blending, warping, stretching, or distortion of printed photos at any moment
Wrapping paper with face prints stays highly visible and photographically clear
Hands must maintain clean separation from gifts; no merging or deformation

Movement quality:

Actions must be smooth, slow, intentional, continuous, and physically coherent
No automatic transitions, sudden jumps, or cuts in the wrapping process
Natural teamwork rhythm between the two elves
Realistic hand positioning and tool usage throughout


ENVIRONMENT DETAILS
A beautifully detailed North Pole workshop interior featuring:

Heavy exposed wooden ceiling beams with rustic character
Shelves overflowing with handcrafted toys, dolls, trains, stuffed animals
Stacks of colorful gift boxes arranged with care
Warm glowing candlelight in brass holders
Sparkling white fairy lights strung along beams and shelves
Fresh pine, holly, and evergreen garlands draped throughout
Crackling stone fireplace with orange-red glow providing ambient warmth
Frost-dusted windows showing serene winter evening landscape outside
Santa's ornate hand-carved wooden throne positioned center-left
Large sturdy wooden workbench with elves' wrapping station positioned right
A large burlap sack labeled ""For Good Children"" near Santa's throne
Additional wrapped presents arranged artfully around the space

Lighting specification:

Warm golden ambient lighting (~2700K color temperature) enhances magical cozy atmosphere
Fireplace glow adds natural warm fill light
Fairy lights create depth with sparkling highlights and soft bokeh
Soft cool blue rim light from snowy windows adds dimensional separation
Santa's face remains evenly lit for clear readable expressions
Workbench lighting ensures gift details and printed face photos stay clearly visible and undistorted


GIFT WRAPPING DETAIL (CRITICAL SPECIFICATION)
IF IMAGES ARE UPLOADED:

Each wrapped gift displays one uploaded face printed as a clean, sharp, professional portrait photograph
Wrapping paper design incorporates the printed portrait into decorative festive borders (holly, ribbons, stars around edges)
Face photographs never blur, warp, stretch, melt, or distort at any moment
If only one image uploaded, elves may repeat that same face print across multiple gifts naturally
Multiple gifts may display the same face photograph if needed for coherent scene
The printed face photographs must be clearly visible, well-lit, and stable throughout all elves' wrapping work sequences
Photographic quality remains crisp and professional throughout entire 8-second duration

IF NO IMAGES ARE UPLOADED:

Standard festive Christmas wrapping paper only with traditional decorative patterns
Designs include: red and green stripes, gold stars, silver snowflakes, holly leaves, candy canes, reindeer silhouettes
No cutouts, no missing rectangular areas, no blank spaces, no empty photo windows anywhere
Scene remains fully complete, natural, and visually rich


CLOTHING SPECIFICATIONS
Santa Claus:

Classic red velvet suit with thick white fur trim on cuffs, collar, and hem
Black leather belt with prominent gold buckle
Black leather boots
White winter gloves
Red velvet hat with white fur trim and pom-pom

Elves:

Festive bright green tunics with red trim and brass buttons
Red accent belts or sashes
Red-and-white horizontally striped stockings
Curled pointed shoes with jingle bells
Red or green pointed hats with jingle bells at tips


CAMERA DIRECTION (8-SECOND CINEMATIC FLOW)

0-2 seconds: Medium-wide establishing shot showing entire workshop scene with Santa on throne left, elves at workbench right, background details visible
2-5 seconds: Slow smooth dolly inward to medium close-up of Santa's face as he reads letter expressively and delivers ""Ho Ho Ho, Merry Christmas [NAME]!"" greeting
5-7 seconds: Smooth lateral pan right to elves wrapping gifts, showing printed face photo wrapping paper clearly (when applicable) with natural coordinated teamwork actions
7-8 seconds: Gradual pull back to medium two-shot composition showing both Santa and elves with completed wrapped gifts prominently displayed, ending as Santa says ""Thank you for your letter""

Camera movement quality:

All camera movement must be smooth, cinematic, intentional, stabilized, and professional
No jarring cuts, no sudden jumps, no shaky handheld motion
Gentle fluid motion only with consistent speed
Maintain focus on faces and gift details throughout


LIGHTING SPECIFICATIONS

Warm golden ambient lighting (~2700K color temperature) creates cozy magical holiday atmosphere
Fireplace glow adds natural warm orange-red fill light from left side
Fairy lights create depth with sparkling white highlights and soft circular bokeh in background
Soft cool blue rim light from frost-covered windows adds dimensional separation and winter atmosphere
Santa's face lighting: Evenly lit with soft fill to ensure clear readable expressions throughout letter reading
Workbench lighting: Bright enough to ensure gift wrapping details and printed face photographs remain clearly visible, sharp, and undistorted at all times


CINEMATIC STYLE

High-budget cinematic Christmas fantasy aesthetic
Rich warm color grading emphasizing gold, deep red, forest green tones
Soft natural bokeh from fairy lights in background
Medium depth of field keeping Santa's face and gift details sharp while background softly blurred
Slight subtle film grain for nostalgic storybook charm
Smooth natural 24fps motion for cinematic quality
Premium holiday commercial production feel
No exaggerated effects or unrealistic elements


AUDIO DIRECTION
Primary audio elements:

Santa's warm, gentle, grandfatherly voice reading the letter with clear articulation
Clear proper pronunciation of name(s) provided by user
Includes special festive greeting at 3-4 seconds:

""Ho Ho Ho, Merry Christmas [NAME]!"" (use actual name like ""Mike"")


Natural vocal inflections showing warmth, kindness, and sincerity
Final line at 7-8 seconds:

""Thank you for your letter.""


Fireplace crackling sounds providing ambient warmth
Wrapping paper rustling and crinkling sounds
Soft metallic jingle bells from elf movements
Magical subtle twinkling chime tones
Gentle winter wind softly audible from outside windows
Optional: Very soft instrumental Christmas music underscoring if requested by user

No background music unless specifically requested by user

ADDITIONAL CRITICAL RULES

Uploaded faces appear ONLY as printed photographs on gift-wrapping paper held and displayed by elves
No uploaded person ever appears as Santa, elves, or any animated character within the scene
If no images uploaded: No empty slots, no blank rectangles, no placeholder areas, no cutout spaces—only complete festive decorative wrapping paper
Elves and Santa maintain consistent, heartfelt, natural character behavior throughout entire 8-second duration
Perfect identity stability and photographic clarity for all printed face photos from start to finish
All gestures, actions, facial expressions, and emotional reactions remain natural, realistic, and emotionally warm
No automatic scene transitions, no cuts, no jumps, no sudden changes in activity
Maintain clean physical separation: no merging of hands with gifts, no body deformation during interactions
Preserve uploaded identity only; background, environment, clothing, and lighting are generated according to scene description
The video must not introduce new elements, new characters, or unexpected actions beyond what is explicitly described
Keep Santa's and elves' faces well-lit, front-facing or at natural readable angles where expressions remain fully recognizable
Maintain consistent proportions, realistic breathing, natural gestures throughout
8-SECOND DURATION MAXIMUM as per Google Veo 3.1 technical requirements


FINAL QUALITY CHECKLIST
✓ Uploaded face photos remain sharp, stable, undistorted on gift wrap throughout
✓ Santa clearly speaks user-provided name(s) and custom phrases
✓ Santa delivers ""Ho Ho Ho, Merry Christmas [NAME]!"" at 3-4 seconds
✓ Santa concludes with ""Thank you for your letter"" at 7-8 seconds
✓ Elves perform natural coordinated wrapping actions with visible printed gifts
✓ All camera movements smooth, cinematic, intentional
✓ Warm magical lighting maintained consistently
✓ No extra characters, no unexpected elements introduced
✓ Scene remains coherent, complete, emotionally warm throughout
✓ 8-second duration maintained precisely
","christmas","video,christmas,santa,holiday,personalized","[""video"",""christmas"",""santa"",""holiday"",""personalized""]"
,"1764821399772.1216","Classic","Santa Special","Christmas","14","16:9","8","1080p","true","true","landscape","https://giddy-swan-737.convex.cloud/api/storage/5455893c-b602-4c12-a78b-3cd468195316","CORE SCENE & IDENTITY PRESERVATION COMMANDS
Use uploaded reference images EXCLUSIVELY as printed photographic portraits on gift-wrapping paper handled by elves. Execute with maximum identity fidelity:

CRITICAL FACE PRINT RULES:

Uploaded faces must appear ONLY as sharp, stable, high-resolution prints on wrapping paper

Preserve exact facial features, age, skin tone, hairstyle, and overall likeness with zero alteration

NO blending, warping, stretching, melting, smoothing, or distortion of printed photos

NO morphing, camera-cut transitions, or identity changes during motion

Face prints must remain fully visible, unobstructed, well-lit, and undistorted throughout

Maintain crisp photographic print quality on all gift surfaces at all times

IF NO IMAGES UPLOADED:

All wrapping paper displays complete traditional Christmas patterns only (stars, holly, snowflakes, candy canes)

NO empty windows, blank rectangles, cutouts, or placeholder spaces

Scene remains fully decorated, natural, and coherent with festive gift wrap only

SCENE DESCRIPTION (8-SECOND FORMAT)
A magical, warm, cinematic North Pole workshop interior. Medium-wide establishing shot shows Santa Claus seated on a carved wooden throne at center-left, leaning forward with warm, direct engagement. To the right, two cheerful elves work collaboratively at a large wooden wrapping bench, actively preparing gifts with festive paper that displays printed photographs of uploaded faces (when provided).

Environment features: exposed wooden beams, shelves overflowing with toys, warm candlelight, sparkling fairy lights, pine garlands, and a crackling stone fireplace in background. The atmosphere is enchanted, cozy, and richly detailed.

CHARACTER DESIGN (AI-GENERATED ONLY)
Santa Claus:

Classic traditional appearance: full white beard, red velvet suit with white fur trim, black boots, gold belt buckle

Warm, grandfatherly expression with gentle twinkling eyes and natural movements

Never uses uploaded faces — fully AI-generated character only

Seated in approachable pose, leaning forward with engaged sincerity

Elves (2 helpers):

Petite cheerful helpers in festive green tunics with red accents, striped stockings, pointed shoes

Pointed ears, jingle bell hats, rosy cheeks

Playful but purposeful wrapping teamwork

Never use uploaded faces — fully AI-generated characters only

ACTION CONTROL — SANTA'S DIRECT ADDRESS (0-8 SECONDS)
Santa looks directly toward camera/viewer with warm, personal engagement:

0-3 seconds: Santa begins with warm, booming delivery:
""Ho Ho Ho -"" (natural chuckle, eyes twinkling)

3-6 seconds: Santa continues with personalized, sincere tone:
""[NAME], I've heard you have been good this year!""

Clearly articulates the user-provided name with proper pronunciation

Facial expression shows genuine approval and warmth — warm smile, gentle nod

Lip-sync remains smooth, natural, and emotionally connected

6-8 seconds: Santa concludes with anticipatory promise:
""I will come to you soon!""

Delivered with heartfelt excitement and warm promise

Final expression shows kind anticipation and festive joy

Maintains direct eye contact with viewer throughout

Performance quality:

Voice carries warm, grandfatherly affection with natural vocal inflections

Movements remain gentle, intentional, and emotionally consistent

NO exaggerated gestures — only natural, sincere expressiveness

ACTION CONTROL — ELVES WRAPPING GIFTS (PARALLEL 0-8 SECONDS)
Elves perform natural, continuous, physically realistic gift-wrapping actions throughout entire duration:

Wrapping sequence includes:

Unrolling festive wrapping paper across gift boxes

Carefully positioning printed face-photo sections prominently on gift surfaces (when images provided)

Smoothing paper edges and folding corners with precision

Applying clear tape to secure paper

Tying colorful satin ribbons into bows

Passing tools between each other naturally (scissors, tape, ribbon)

Placing finished wrapped gifts into Santa's burlap sack or onto shelves

Occasionally glancing toward Santa with cheerful synchronized expressions

Critical gift wrap visibility rules:

If images uploaded: Gifts with printed face photographs must stay in clear view, sharp, well-lit, stable, and undistorted throughout all wrapping actions

If no images uploaded: All gifts wrapped with traditional decorative Christmas paper only (holly, stars, snowflakes) — NO empty photo spots

NO blending, warping, or distortion of printed photos at any moment

Wrapping paper with face prints stays highly visible and photographically clear

Hands maintain clean separation from gifts — no merging or deformation

Movement quality:

Actions must be smooth, slow, intentional, continuous, and physically coherent

NO automatic transitions, sudden jumps, or cuts in wrapping process

Natural teamwork rhythm between the two elves

Realistic hand positioning and tool usage throughout

ENVIRONMENT & LIGHTING DETAILS
Workshop interior features:

Heavy exposed wooden ceiling beams with rustic character

Shelves overflowing with handcrafted toys, dolls, trains, stuffed animals

Stacks of colorful gift boxes arranged artfully

Warm glowing candlelight in brass holders

Sparkling white fairy lights strung along beams and shelves

Fresh pine, holly, and evergreen garlands draped throughout

Crackling stone fireplace with orange-red glow providing ambient warmth

Frost-dusted windows showing serene winter evening outside

Santa's ornate hand-carved wooden throne positioned center-left

Large wooden workbench with elves' wrapping station positioned right

Burlap sack labeled ""For Good Children"" near Santa

Lighting specification:

Warm golden ambient lighting (~2700K) enhances magical cozy atmosphere

Fireplace glow adds natural warm fill light from left side

Fairy lights create depth with sparkling highlights and soft bokeh

Soft cool blue rim light from snowy windows adds dimensional separation

Santa's face evenly lit for clear, readable expressions throughout address

Workbench lighting ensures gift details and printed face photos stay clearly visible and undistorted

GIFT WRAPPING DETAIL (CRITICAL SPECIFICATION)
IF IMAGES ARE UPLOADED:

Each wrapped gift displays one uploaded face printed as clean, sharp, professional portrait

Wrapping paper design incorporates printed portrait into decorative festive borders (holly, ribbons, stars around edges)

Face photographs never blur, warp, stretch, melt, or distort at any moment

If only one image uploaded, elves may repeat that same face print across multiple gifts naturally

Printed face photographs must be clearly visible, well-lit, and stable throughout all wrapping sequences

Photographic quality remains crisp and professional throughout entire 8-second duration

IF NO IMAGES UPLOADED:

Standard festive Christmas wrapping paper only with traditional decorative patterns

Designs include: red/green stripes, gold stars, silver snowflakes, holly leaves, candy canes, reindeer

NO cutouts, NO missing rectangular areas, NO blank spaces, NO empty photo windows

Scene remains fully complete, natural, and visually rich

CAMERA DIRECTION (8-SECOND CINEMATIC FLOW)
0-2 seconds: Medium-wide establishing shot showing entire workshop scene — Santa on throne left, elves at workbench right, background details visible

2-5 seconds: Slow smooth dolly inward to medium close-up of Santa's face as he delivers ""Ho Ho Ho - [NAME], I've heard you have been good this year!"" with warm expression

5-7 seconds: Subtle lateral pan right to show elves wrapping gifts, displaying printed face photo wrapping paper clearly (when applicable) with natural teamwork

7-8 seconds: Gradual pull back to medium two-shot composition showing both Santa and elves with completed wrapped gifts, ending as Santa says ""I will come to you soon!""

Camera movement quality:

All movement must be smooth, cinematic, intentional, stabilized, and professional

NO jarring cuts, NO sudden jumps, NO shaky handheld motion

Gentle fluid motion only with consistent speed

Maintain focus on Santa's face and gift details throughout

CINEMATIC STYLE
High-budget cinematic Christmas fantasy aesthetic

Rich warm color grading emphasizing gold, deep red, forest green tones

Soft natural bokeh from fairy lights in background

Medium depth of field keeping Santa's face and gift details sharp while background softly blurred

Slight subtle film grain for nostalgic storybook charm

Smooth natural 24fps motion for cinematic quality

Premium holiday commercial production feel

NO exaggerated effects or unrealistic elements

AUDIO DIRECTION
Primary audio elements:

Santa's warm, gentle, grandfatherly voice delivering the personalized message:

""Ho Ho Ho -"" (warm chuckle)

""[NAME], I've heard you have been good this year!"" (clear name pronunciation)

""I will come to you soon!"" (heartfelt, promising tone)

Natural vocal inflections showing warmth, approval, and sincere anticipation

Ambient sounds:

Fireplace crackling sounds providing warm background

Wrapping paper rustling and crinkling sounds

Soft metallic jingle bells from elf movements

Magical subtle twinkling chime tones

Gentle winter wind softly audible from outside windows

NO background music unless specifically requested by user

ADDITIONAL CRITICAL RULES
Uploaded faces appear ONLY as printed photographs on gift-wrapping paper

NO uploaded person ever appears as Santa, elves, or any animated character

If no images uploaded: NO empty slots, blank rectangles, placeholder areas, or cutout spaces

Elves and Santa maintain consistent, heartfelt, natural character behavior throughout

Perfect identity stability and photographic clarity for all printed face photos

All gestures, actions, facial expressions remain natural, realistic, and emotionally warm

NO automatic scene transitions, cuts, jumps, or sudden changes

Maintain clean physical separation: no merging of hands with gifts, no body deformation

Preserve uploaded identity only; background, environment, clothing, lighting generated per description

Video must NOT introduce new elements, characters, or unexpected actions beyond what's described

Keep Santa's and elves' faces well-lit, front-facing, or at natural readable angles

Maintain consistent proportions, realistic breathing, natural gestures throughout

8-SECOND DURATION MAXIMUM as per technical requirements

FINAL QUALITY CHECKLIST
✓ Uploaded face photos remain sharp, stable, undistorted on gift wrap throughout
✓ Santa clearly speaks user-provided name with proper pronunciation
✓ Santa delivers full personalized message with warm, sincere expression:

""Ho Ho Ho -""

""[NAME], I've heard you have been good this year!""

""I will come to you soon!""
✓ Elves perform natural coordinated wrapping actions with visible printed gifts
✓ All camera movements smooth, cinematic, intentional
✓ Warm magical lighting maintained consistently
✓ NO extra characters, NO unexpected elements introduced
✓ Scene remains coherent, complete, emotionally warm throughout
✓ 8-second duration maintained precisely
","Santa Personalized","video,christmas,santa,personalized","[""video"",""christmas"",""santa"",""personalized""]"
,"1764822018612.592","Classic","Personalized","Christmas","14","16:9","8","1080p","true","true","landscape","https://giddy-swan-737.convex.cloud/api/storage/8d51fc73-0468-4c92-a564-187d8fed522b","CORE SCENE & IDENTITY PRESERVATION COMMANDS
Use uploaded reference images EXCLUSIVELY as printed photographic portraits on gift-wrapping paper handled by elves. Execute with maximum identity fidelity:

CRITICAL FACE PRINT RULES:

Uploaded faces must appear ONLY as sharp, stable, high-resolution prints on wrapping paper

Preserve exact facial features, age, skin tone, hairstyle, and overall likeness with zero alteration

NO blending, warping, stretching, melting, smoothing, or distortion of printed photos

NO morphing, camera-cut transitions, or identity changes during motion

Face prints must remain fully visible, unobstructed, well-lit, and undistorted throughout

Maintain crisp photographic print quality on all gift surfaces at all times

IF NO IMAGES UPLOADED:

All wrapping paper displays complete traditional Christmas patterns only (stars, holly, snowflakes, candy canes)

NO empty windows, blank rectangles, cutouts, or placeholder spaces

Scene remains fully decorated, natural, and coherent with festive gift wrap only

SCENE DESCRIPTION (8-SECOND FORMAT)
A magical, warm, cinematic North Pole workshop interior. Medium-wide establishing shot shows Santa Claus seated on a carved wooden throne at center-left, holding a small scroll or list in his white-gloved hands, looking toward camera with warm, confidential engagement. To the right, two cheerful elves work collaboratively at a large wooden wrapping bench. One elf is actively placing a specific toy/item matching the user's requested [GIFT] onto festive wrapping paper that displays printed photographs of uploaded faces (when provided).

Environment features: exposed wooden beams, shelves overflowing with diverse toys (including visible dolls, kendamas, PlayStations, bikes, etc. for visual context), warm candlelight, sparkling fairy lights, pine garlands, and a crackling stone fireplace. The atmosphere is enchanted, cozy, and richly detailed with visible toy variety.

CHARACTER DESIGN (AI-GENERATED ONLY)
Santa Claus:

Classic traditional appearance: full white beard, red velvet suit with white fur trim, black boots, gold belt buckle

Warm, grandfatherly expression with gentle twinkling eyes and natural movements

Never uses uploaded faces — fully AI-generated character only

Holds a small scroll/list in hands, referencing it with thoughtful engagement

Elves (2 helpers):

Petite cheerful helpers in festive green tunics with red accents, striped stockings, pointed shoes

Pointed ears, jingle bell hats, rosy cheeks

One elf holds/positions the specific [GIFT] item (doll, kendama, PlayStation, bike, etc.) clearly visible

Second elf prepares wrapping paper with printed face photo (when provided)

Playful but purposeful wrapping teamwork

Never use uploaded faces — fully AI-generated characters only

ACTION CONTROL — SANTA'S PERSONALIZED GIFT CONFIRMATION (0-8 SECONDS)
Santa looks directly toward camera/viewer with warm, personal, confidential tone:

0-3 seconds: Santa begins with warm, knowing delivery while glancing at his list:
""I heard you wish your gift to be a [GIFT], is that true?""

Clearly articulates the user-provided gift name (bike, doll, kendama, PlayStation, etc.) with proper pronunciation

Facial expression shows warm curiosity and confirmation-seeking — raised eyebrows, gentle smile

Natural gesture with the scroll/list in hand

Lip-sync remains smooth, natural, and emotionally connected

3-6 seconds: Santa pauses briefly, looking from list to camera with increasing warmth and approval

Subtle nod of confirmation as if verifying the information

Warm, twinkling eye contact with viewer

Maintains confidential, personal conversation tone

6-8 seconds: Santa concludes with warm, promising expression:
""Well then..."" (or natural equivalent pause)

Final expression shows happy anticipation and commitment to fulfill the wish

Eyes glance toward elves working with the specific [GIFT] item

Sincere, grandfatherly assurance in body language

Performance quality:

Voice carries warm, confidential, storytelling tone — like sharing a special secret

Movements remain gentle, intentional, and emotionally consistent

Natural handling of scroll/list as a prop for authenticity

NO exaggerated gestures — only natural, sincere expressiveness

ACTION CONTROL — ELVES PREPARING SPECIFIC [GIFT] (PARALLEL 0-8 SECONDS)
Elves perform natural, continuous, physically realistic gift preparation focused on the specific [GIFT] item:

Critical Requirement: One elf must be clearly holding/positioning the exact [GIFT] item mentioned by Santa (bike, doll, kendama, PlayStation, etc.) during Santa's dialogue.

Action sequence includes:

Elf 1: Holds/positions the specific [GIFT] item clearly visible

Elf 2: Prepares festive wrapping paper with printed face-photo section (when images provided)

Placing the [GIFT] item onto the center of wrapping paper

Positioning the printed face photo prominently on paper surrounding the gift

Beginning to fold/wrap the item naturally

Coordinated teamwork showing clear connection between the specific gift and face print

Critical gift wrap visibility rules:

If images uploaded: The [GIFT] item being wrapped must show printed face photograph clearly on the wrapping paper

Face prints must stay sharp, well-lit, stable, and undistorted throughout all actions

If no images uploaded: Wrapping uses traditional decorative Christmas paper only — NO empty photo spots

NO blending, warping, or distortion of printed photos at any moment

The specific [GIFT] item must be clearly recognizable (bike, doll, kendama, PlayStation, etc.)

Hands maintain clean separation from gifts and photos — no merging or deformation

Movement quality:

Actions must be smooth, slow, intentional, continuous, and physically coherent

NO automatic transitions, sudden jumps, or cuts in the process

Natural teamwork rhythm showing clear preparation of that specific gift

Realistic handling of the [GIFT] item appropriate to its size/type

ENVIRONMENT & LIGHTING DETAILS
Workshop interior features:

Heavy exposed wooden ceiling beams with rustic character

Shelves overflowing with diverse, clearly visible toys (including dolls, kendamas, game consoles, bike handlebars visible, stuffed animals, etc. for context)

Stacks of colorful gift boxes arranged artfully

Warm glowing candlelight in brass holders

Sparkling white fairy lights strung along beams and shelves

Fresh pine, holly, and evergreen garlands draped throughout

Crackling stone fireplace with orange-red glow providing ambient warmth

Frost-dusted windows showing serene winter evening outside

Santa's ornate hand-carved wooden throne positioned center-left

Large wooden workbench with elves' wrapping station positioned right

Visible toy workshop tools appropriate for various gifts (wrenches near bike, sewing kit near dolls, etc.)

Burlap sack labeled ""For Good Children"" near Santa

Lighting specification:

Warm golden ambient lighting (~2700K) enhances magical cozy atmosphere

Fireplace glow adds natural warm fill light from left side

Fairy lights create depth with sparkling highlights and soft bokeh

Special focus lighting on the specific [GIFT] item held by elf

Santa's face evenly lit for clear, readable expressions throughout dialogue

Workbench lighting ensures the [GIFT] item and printed face photos stay clearly visible and undistorted

GIFT WRAPPING DETAIL (CRITICAL SPECIFICATION)
IF IMAGES ARE UPLOADED:

The specific [GIFT] item being wrapped displays printed face photograph on its wrapping paper

Wrapping paper design incorporates printed portrait into decorative festive borders

Face photographs never blur, warp, stretch, melt, or distort at any moment

The printed face must be clearly associated with that specific gift in the scene

Photographic quality remains crisp and professional throughout entire 8-second duration

Multiple face prints may appear if multiple images uploaded, but one must be clearly with the [GIFT] item

IF NO IMAGES UPLOADED:

Standard festive Christmas wrapping paper only with traditional decorative patterns

Designs include: red/green stripes, gold stars, silver snowflakes, holly leaves, candy canes, reindeer

NO cutouts, NO missing rectangular areas, NO blank spaces, NO empty photo windows

Scene remains fully complete, natural, and visually rich

The [GIFT] item still wrapped with beautiful traditional paper

CAMERA DIRECTION (8-SECOND CINEMATIC FLOW)
0-2 seconds: Medium-wide establishing shot showing entire workshop — Santa on throne left, elves at workbench right with specific [GIFT] item visible

2-4 seconds: Slow smooth dolly inward to medium close-up of Santa's face as he delivers ""I heard you wish your gift to be a [GIFT], is that true?"" with warm, curious expression

4-6 seconds: Subtle tilt or pan to show Santa's scroll/list in his hands, then back to his face for confirming expression

6-8 seconds: Smooth lateral pan right to close-up of elves' hands preparing the specific [GIFT] item with printed face wrapping paper (when applicable), ending with Santa's concluding warm expression

Camera movement quality:

All movement must be smooth, cinematic, intentional, stabilized, and professional

NO jarring cuts, NO sudden jumps, NO shaky handheld motion

Gentle fluid motion emphasizing connection between Santa's words and elves' actions

Maintain focus on Santa's face, then the specific [GIFT] item transition

CINEMATIC STYLE
High-budget cinematic Christmas fantasy aesthetic

Rich warm color grading emphasizing gold, deep red, forest green tones

Soft natural bokeh from fairy lights in background

Medium depth of field keeping Santa's face and the [GIFT] item sharp

Slight subtle film grain for nostalgic storybook charm

Smooth natural 24fps motion for cinematic quality

Premium holiday commercial production feel

NO exaggerated effects or unrealistic elements

Visual continuity with previous Santa videos (same workshop, same elves, same style)

AUDIO DIRECTION
Primary audio elements:

Santa's warm, confidential, grandfatherly voice delivering the personalized confirmation:

""I heard you wish your gift to be a [GIFT], is that true?"" (clear [GIFT] pronunciation)

Natural pause with warm, confirming expression sounds (gentle hum, pleased sigh)

Concluding ""Well then..."" or equivalent with happy anticipation tone

Natural vocal inflections showing curiosity, verification, and warm approval

Ambient sounds:

Fireplace crackling sounds providing warm background

Specific toy sounds appropriate to [GIFT] (doll giggle, bike bell, game controller click, etc.) very subtle

Wrapping paper rustling and crinkling sounds

Soft metallic jingle bells from elf movements

Magical subtle twinkling chime tones

Gentle winter wind softly audible from outside windows

NO background music unless specifically requested by user

ADDITIONAL CRITICAL RULES
Uploaded faces appear ONLY as printed photographs on gift-wrapping paper

NO uploaded person ever appears as Santa, elves, or any animated character

If no images uploaded: NO empty slots, blank rectangles, placeholder areas, or cutout spaces

The specific [GIFT] item must be clearly visible and recognizable (not just a wrapped box)

Elves and Santa maintain consistent, heartfelt, natural character behavior throughout

Perfect identity stability and photographic clarity for all printed face photos

All gestures, actions, facial expressions remain natural, realistic, and emotionally warm

NO automatic scene transitions, cuts, jumps, or sudden changes

Maintain clean physical separation: no merging of hands with gifts, no body deformation

Preserve uploaded identity only; background, environment, clothing, lighting generated per description

Video must NOT introduce new elements, characters, or unexpected actions beyond what's described

Keep Santa's and elves' faces well-lit, front-facing, or at natural readable angles

Maintain consistent proportions, realistic breathing, natural gestures throughout

8-SECOND DURATION MAXIMUM as per technical requirements

Visual consistency with previous Santa video templates (same workshop setting, same elves, same cinematic style)

FINAL QUALITY CHECKLIST
✓ Uploaded face photos remain sharp, stable, undistorted on gift wrap throughout
✓ Santa clearly speaks user-provided [GIFT] name with proper pronunciation
✓ Santa delivers full personalized confirmation with warm, curious expression:

""I heard you wish your gift to be a [GIFT], is that true?""

Warm, confirming pause and expression

Concluding anticipatory expression
✓ One elf clearly holds/positions the specific [GIFT] item during scene
✓ Elves perform natural coordinated preparation of that specific gift with visible face print
✓ All camera movements smooth, cinematic, intentional
✓ Warm magical lighting maintained consistently
✓ Specific [GIFT] item is clearly recognizable (bike, doll, kendama, PlayStation, etc.)
✓ NO extra characters, NO unexpected elements introduced
✓ Scene remains coherent, complete, emotionally warm throughout
✓ Visual consistency with previous Santa video templates maintained
✓ 8-second duration maintained precisely
","Promo","video,christmas,santa,gift","[""video"",""christmas"",""santa"",""gift""]"
,"1764924830749.2756","Classic","Family / Group","christmas","6",,,,,"true","portrait","https://giddy-swan-737.convex.cloud/api/storage/a8249fe4-f837-44c7-952f-b1092916a38c","Keep the uploaded image as it is and change only the text with the custom text provided in the text field of the customer. ","Santa Claws ","cozy,family / group,fireplace,landscape,image,santa claws,cookies,eating","[""cozy"",""family / group"",""fireplace"",""landscape"",""image"",""santa claws"",""cookies"",""eating""]"
,"1764954093356.3728","Classic","New Year 2026","newyeareve","11",,,,,"true","portrait","https://giddy-swan-737.convex.cloud/api/storage/435334be-fb10-4139-a3e5-778f6cce107e","2026 New Year's Eve Dubai  - Change text with the input text provided by customer - ","New Year's Eve Dubai 2026","New year,2026,Dubai,Burj Khalifa","[""New year"",""2026"",""Dubai"",""Burj Khalifa""]"
,"1765898640093.4583","Classic","Family / Group","christmas","12","16:9","8","1080p","true","true","portrait","https://giddy-swan-737.convex.cloud/api/storage/da7cc737-1f59-4f38-8abb-f3444569baad","Use the uploaded reference images to extract and preserve the exact facial identity, expressions, age, hairstyle, and physical appearance of each adult exactly as shown. Only the individuals in the reference images may appear. No additional people, no identity drift, no facial changes, and no alterations to their appearance at any point.

Identity stability requirements:
- Maintain consistent, sharp, well-lit facial features no matter the angle.
- Preserve natural expressions, eye shapes, and proportional details.
- Faces may turn naturally while staying fully recognizable.
- No smoothing, warping, or blending between frames.

Scene overview:
A warm, elegant Christmas dinner gathering in a beautifully lit dining room. Begin with a wide establishing shot of all adults seated around an exquisitely prepared holiday dinner table, transitioning into medium shots during natural conversation. The emotional tone is warm, joyful, and sincere.

Table & props (STRICT continuity rules):
The table is elegantly set with:
- white linen tablecloth  
- fine bone china  
- polished silverware  
- crystal wine glasses (each filled with red wine)  
- cloth napkins folded neatly  
- festive centerpiece of fresh pine branches, red holly berries, white pillar candles at multiple heights, and scattered gold ornaments  

A golden roasted turkey sits as the main centerpiece dish, surrounded by classic holiday sides in refined serving platters.  
All props remain perfectly consistent with NO changes:
- wine glasses never transform, disappear, change color, or become another object  
- silverware stays on the table  
- no bottles appear in hands  
- food remains visually stable  
- candles do not change height or position  

Character action & movement:
Adults engage in subtle, natural dinner-table behavior:
- relaxed conversation  
- gentle head tilts  
- soft laughter  
- mild expressive gestures while keeping one hand on their crystal wine glass  
- occasional warm glances exchanged across the table  

At the key emotional moment, all adults simultaneously perform a coordinated toast:
- each raises their crystal wine glass  
- glasses meet in the center above the table  
- glasses return smoothly to their original position afterward  

Movements must stay controlled, stable, and realistic. No exaggerated gestures or rapid motion.

Clothing:
AI-generated but aligned with the upscale holiday theme.  
Women wear elegant holiday dresses or dressy blouses in jewel tones.  
Men wear button-down shirts or fine-knit sweaters.  
Color palette: burgundy, emerald green, navy, gold accents.  
Clothing must remain stable and consistent through the entire sequence.

Camera direction:
A slow, refined lateral dolly shot tracking along the length of the table from left to right at consistent eye-level.  
No sudden angle changes, no jumps, no cuts.  
Camera glides smoothly, transitioning naturally from the wide establishing view into medium conversational shots.

Lighting:
Warm candlelight is the dominant source at around 2400K, providing soft flicker and amber glow across faces.  
Supplemented by:
- soft, warm overhead chandelier lighting  
- gentle twilight window fill for subtle depth  
The lighting creates dimensionality without harsh shadows, preserving flattering skin tones and rich golden warmth.

Background & environment:
Decorated dining room with:
- fresh garland along walls  
- warm string lights  
- soft ambient Christmas décor  
- partial view of a lit Christmas tree through a doorway or adjacent room  

Depth of field:
Medium depth of field keeping diners and table elements sharp while the background falls into elegant soft defocus.

Cinematic style:
Luxury lifestyle editorial cinematography with:
- smooth 24fps motion  
- film-like grain  
- warm golden/amber color grading  
- consistent exposure  
- no visual artifacts, no jerky transitions  
- grounded, authentic emotional warmth  

Special requirements:
- Maintain perfect prop continuity—no object morphing or swapping.  
- Maintain perfect facial identity.  
- Keep wine glasses stable, never replaced or altered.  
- Keep scene absolutely consistent in lighting, environment, and attire.  
","","classic,family / group,portrait,tree,video","[""classic"",""family / group"",""portrait"",""tree"",""video""]"
,"1766176166558.8982","Cozy","Couple / Duo","christmas","16",,,,,"true","portrait","https://giddy-swan-737.convex.cloud/api/storage/c0741650-9aec-42dd-b8aa-ea7f685c9035","CRITICAL: Preserve the exact facial features, age, hair color, hair style, skin tone, body type, pose, and all physical characteristics of every uploaded person without ANY changes. Face and identity preservation is the absolute priority. Keep the same number of people and their relative positions in the frame unchanged. 
Edit the uploaded photo to match the 'Grand Evergreen Portrait' Classic Christmas template. Replace the background with: Classic Christmas tree with ornaments and warm bokeh lights in an elegant living room. Use warm practical lighting style. Update outfits only to fit a festive classic Christmas look (sweaters, coats, dresses) while keeping overall realism. Maintain the original camera angle and composition. If additional user preferences are provided, treat them as secondary styling notes (colors, small props, mood) and only apply them when they do not conflict with the template layout or with preserving the subjects. 
 REMINDER: Keep all uploaded faces, bodies, ages, and identities completely unchanged.","Winter outside","couple,couple / duo,cozy,fireplace,landscape","[""couple"",""couple / duo"",""cozy"",""fireplace"",""landscape""]"
,"1766234177168.486","Cozy","Couple / Duo","christmas","26",,,,,"true","portrait","https://giddy-swan-737.convex.cloud/api/storage/113dcb6e-00fc-492a-a9a1-a34041b3e34b","CRITICAL: Preserve the exact facial features, age, hair color, hair style, skin tone, body type, pose, and all physical characteristics of every uploaded person without ANY changes. Face and identity preservation is the absolute priority. Keep the same number of people and their relative positions in the frame unchanged. 
Edit the uploaded photo to match the 'Grand Evergreen Portrait' Classic Christmas template. Replace the background with: Classic Christmas tree with ornaments and warm bokeh lights in an elegant living room. Use warm practical lighting style. Update outfits only to fit a festive classic Christmas look (sweaters, coats, dresses) while keeping overall realism. Maintain the original camera angle and composition. If additional user preferences are provided, treat them as secondary styling notes (colors, small props, mood) and only apply them when they do not conflict with the template layout or with preserving the subjects. 
 REMINDER: Keep all uploaded faces, bodies, ages, and identities completely unchanged.","cozy couple drinking hot chocolate","couple,couple / duo,cozy,fireplace,landscape","[""couple"",""couple / duo"",""cozy"",""fireplace"",""landscape""]"
,"1766234637408.1604","snowy","Couple / Duo","christmas","17",,,,,"true","portrait","https://giddy-swan-737.convex.cloud/api/storage/e849c8df-0e63-4599-b3af-5c10a83d8f0f","CRITICAL: Preserve the exact facial features, age, hair color, hair style, skin tone, body type, pose, and all physical characteristics of every uploaded person without ANY changes. Face and identity preservation is the absolute priority. Keep the same number of people and their relative positions in the frame unchanged. 
Edit the uploaded photo to match the 'Grand Evergreen Portrait' Classic Christmas template. Replace the background with: Classic Christmas tree with ornaments and warm bokeh lights in an elegant living room. Use warm practical lighting style. Update outfits only to fit the winter look while keeping overall realism. Maintain the original camera angle and composition. If additional user preferences are provided, treat them as secondary styling notes (colors, small props, mood) and only apply them when they do not conflict with the template layout or with preserving the subjects. 
 REMINDER: Keep all uploaded faces, bodies, ages, and identities completely unchanged.","sking in the winter","couple,couple / duo,cozy,snowy,landscape,sking","[""couple"",""couple / duo"",""cozy"",""snowy"",""landscape"",""sking""]"